100
170
250
340
440
560
690
840
990
1160
1370
1590
1840
2140
2500
2910
3370
3870
4370
4900
5500
6250
7100
8000
9000
10200
11500
13000
14700
15900
17300
19900
22200
24800
27400
30400
33800
37300
41900
46100
51000
56400
62600
68800
77200
84500
92000
101000
112000
124600
136000
150000
165000
184000
204000
224000
248000
273000
300000
329000
363000
400000
440000
484000
528000
570000
625000
690000
760000
844000
920000
1010000
1110000
1220000
1343000
1477000
1610000
1770000
1930000
2131000
2344000
2578000
2835000
3110000
3371000
3708000
4070000
4470000
4910000
5321000
5853000
6428000
7070000
7770000
8383218
9210000
10140000
11140000
12250000
138665968
277054604